name,cluster1,cluster2,cluster3,cluster4
2002 Hay_LSE_Full.txt,17.386659130007065,15.19897813184511,62.96786247409294,8.020812556446588
2003_ISPRS_Hay_Comparison_3image_objects_multiscale.txt,13.09491495267261,17.45339750807262,64.65019963037722,9.083382024184928
ASONAM_2015_p713_dang.txt,2.3530034922511933,57.9030597331879,12.109361230438287,25.254783942661764
Andrienko09InteractiveVisualClusteringTrajectories.txt,6.321668547646775,61.332651044425255,23.78678611375521,14.917875795246548
BeadsScatterHighDimensionalVast2009.txt,4.080561709057873,59.02838484045332,25.138476986357926,10.550198854904147
Bicluster2014.txt,8.068369341830117,35.51788338245237,51.90898320592101,23.21909751709399
BioMedical2012IV.txt,9.139924787700549,23.69663824200182,70.37031776224372,16.02734023594541
Blumstein2011acousticmonitoring.txt,75.50752161776538,11.924259081643518,18.24983264837311,11.757990240845896
CellNetVis_v1_gpt_hhs_gvm_clean_rm.txt,3.046868462961183,33.662000354690356,15.141206093950842,10.793969082104127
ClusterBasedExploration.txt,6.167764692803557,55.356339334775214,29.83850776110507,14.491626875385922
DocumentSammon2013.txt,4.321545132428795,62.29642575641678,19.153301393074727,15.426629761652933
DocumentTreeFuzzyc-Means2013.txt,5.764438148656703,61.02113106547106,20.485920014468807,17.17335084094892
DocumentvisualFeatures2011.txt,3.327755814327382,68.6909485500121,15.751210360122114,15.370325610523084
Dumyahn2011soundscapeconservation.txt,73.10948431611477,2.826102759575888,9.675591755072666,2.431482919205652
DutraMinghimPedrini2015.txt,5.906404378372865,14.776352592885234,38.20246674699739,8.497252962879308
EnvironmentalTimeSeries2011TVCG.txt,16.04874280332448,26.49002962890429,57.96461432320223,24.12680202530212
ExplainingNeighborhoods2015.txt,4.168502540079921,39.65224002800964,20.274147614847028,7.4752323112440955
Farina2011soundscapemethodology.txt,66.10278253129636,6.79340814134044,11.706932292890516,5.731458343690421
Farina2014asoundscapeecology.txt,83.57443193829636,9.961300788005245,17.265119130331506,7.158575771796627
Farina2014sonicenvironment.txt,56.64745284429936,6.969165444635195,11.216750165792423,2.7741865140703426
Gaga2014visualizationsoundscapepower.txt,73.22303817836362,5.3305112400889865,10.699633881712744,4.784049618037112
GeoSpatialClusters2014.txt,9.548522316702323,56.50418360810071,32.53869855655049,16.405945086855546
Hao2015urbanmorphology.txt,38.53605553096079,4.198227526844189,8.323406581099647,1.9004237350060849
IVX_unstructuredTextMining2010pdf.txt,7.896376206433631,62.57032765486762,27.64737881771443,23.113815021151808
InternetTopicsRetweeting2014.txt,6.259923311311222,26.553024556919603,26.42118159614071,64.77399055254232
KDI_-_Artur_Silic_-_Visualization_of_Text_Streams.txt,11.078332329174057,62.084472369806406,48.077239570981234,44.02902527491227
Kang_TweetProbe_2013.txt,7.92305721541341,25.405326899768056,32.72879768621675,79.46153030023666
Karsten2012environmentalassessment.txt,62.80253889604044,31.0387740366289,28.071073063426255,15.562893207599837
LandscapeMultiscale.txt,24.549276872789793,10.3400702095232,50.93913906270979,7.407228866755222
Lee2012discoveringsoundscape.txt,27.48927155567752,0.0,1.481919973389756,0.41737835273899515
Liris_multiscaleNetwork.txt,5.607801390778344,20.895409800376218,50.112821084407834,17.779479701854118
MemeTracking.txt,6.396096483718083,16.492701935583742,12.644386981388278,41.429204527095585
Merchant2015measuringacoustic habitats.txt,80.33859988205549,9.136582910728075,18.674060468365727,9.23667542355493
MulltiscaleClimate2011.txt,11.681321635602293,26.29987132621201,52.2220443363693,16.491275292914807
MultiClassScatterplot.txt,12.659090631758584,35.812179528361064,58.82821930298952,22.75168119528843
Neurocomputing2015.txt,9.759644112983445,72.61142534008097,34.90007565312304,21.591754869108193
Oncotarget_7962_0_merged_1437749696.txt,5.974204234961611,35.843287939841275,15.379466921035101,8.527560868772566
Pijanowski2011asoundscapeecology.txt,94.95219644171803,6.665157248997988,14.882070271809189,5.690979229427451
Pijanowski2011soundscapeintroductionoverview.txt,100.0,7.403942479727044,17.922668557362996,5.887634059521352
Rodriguez2014spatialvariability.txt,77.93294946104861,7.332548333225475,14.498478004151705,5.001132110590567
ScatterBlogs2013.txt,8.943116522074368,25.586085070624453,23.774147145421754,56.77956690502599
Schmeller2015speciesmonitoringprogram.txt,38.160256574989894,8.001122566374653,17.710574675090207,7.2615944625393
Schmidt2015acousticsignalling.txt,66.5936044440224,3.1555299764378653,6.587746146747464,2.859570690873914
Servick2014eavesdroppingecosystems.txt,87.33080423654943,6.3434340255994925,13.327157924674216,5.444484855502473
Smith2014soundscapeecology.txt,73.35560157625247,8.230160903813843,14.55477286164083,6.417511997025183
Stolte2013DataCube.txt,8.751529303701865,30.55053609186029,84.64932798590216,20.499865219935877
TimeSeries2014.txt,16.058225034347462,36.579296811586715,63.86437654593185,32.45016815198155
Towsey2014aacousticrecordingsenvironment.txt,68.56316617730465,7.946150500069226,15.728875464083202,6.788652492346914
Towsey2014acoustic indices.txt,68.11077087615097,12.29688251988863,13.217122942742298,7.948750961029905
Truax2011soundscapeecology.txt,76.81105207828848,4.096806432269606,14.296931786807932,3.8634065690396624
TweetDiffusion.txt,3.4510483166388606,20.94966115966286,23.994807346113546,58.931017244562334
TweetInfo_p227-marcus.txt,3.889558671716342,13.384208169214196,14.49577587963633,81.14018091439367
Villanueva-Rivera2011acousticanalysis.txt,83.46893449404608,8.497754319956641,16.89423337440975,7.7645544758964125
asonam_conf_finaldraft.txt,1.9914255956799187,57.352341705796526,11.521905679930056,24.625595580014124
doceng2015_cameraReady.txt,4.32534718705112,26.142275467386423,12.982244480169403,66.16214386736658
doceng2015_cameraReady_firstPage_plusLast.txt,4.32534718705112,26.142275467386423,12.982244480169403,66.16214386736658
paper.txt,7.437502375034056,28.290007000412487,82.09347507577034,18.511012722769827
twitinfo-cameraready.txt,3.7632458306094074,13.525206744492413,14.68395453938931,81.1916462913861
zoom_tree-ivapp2010.txt,8.471123062581043,35.554997035094736,65.20624013448366,22.413004593263953
