-35.3638013398	17.0815313986
-32.5316330133	18.7609312392
21.4300578544	11.56935379
-19.2965267596	0.96672234066
-24.7083058749	0.928947044703
-9.30254936306	16.4769667569
-23.0102101834	21.3177803145
21.5933378813	-13.307955312
5.24261003637	5.2608292054
-25.508528591	4.91477316169
-15.4322705449	-8.6991447153
-9.00292105939	-8.93146586712
-9.58142286837	-5.2350701328
10.2478842929	-29.778881517
-31.5821880272	13.4154692458
-6.61994731072	7.58478475102
-22.0940089428	-8.3942719641
31.7757795456	-29.15869293
26.1675978834	-28.4832330175
30.5332205443	-25.1441770467
20.8875882359	-31.7345406621
-14.0906800097	3.66646795074
25.4870337	-36.819678497
-14.6506882646	-2.0142592177
5.46137291956	17.494160937
-13.7464072415	11.3285526512
0.285584213715	22.2185436296
5.80308115921	-19.4596651083
-33.3679424535	-6.15463636591
17.0072407161	-7.64293178155
-19.7050468203	32.4599961129
-19.3924828688	11.3644984152
18.6826883851	-15.8816842289
-10.8289236992	23.2288943136
-14.9230171286	16.620015706
-20.1461770523	-3.30401588327
4.61937229263	2.06936547086
18.7890731039	-26.0319916329
15.8367807895	-26.9797420577
25.6493258233	-19.772472174
-3.46263385637	24.3306793107
26.3227228165	-10.0466220933
13.5996240833	-14.883844477
15.8241058346	-20.2769328263
10.9327075481	-25.1009724117
-17.2818316469	23.2938692009
-8.44903673535	10.552562886
6.0578832278	-11.9815907782
8.56841672632	-9.53360531163
15.3111719617	-31.985665702
1.76875526212	16.3987068776
3.40934483085	28.892999547
20.9044153854	-22.1081263827
18.8381080412	9.72474555969
16.5696041211	20.9034021938
18.9339074421	24.7722997736
-19.5946868472	25.4541916293
5.99963730879	27.08781347
-14.8661654646	28.7060152107
