name,cluster0,cluster2,cluster3,cluster1
Bekkerman2007IJCAI.txt,10.755699115665895,0.0,69.13641314597196,4.372264044079522
Chakrabarti2006KDD.txt,16.957158278582863,3.3440659087342173,57.10552510938825,7.187701140033409
Choo2013TVCG.txt,39.5483869918064,57.94369407262256,64.44660319573413,24.38851252598845
Cui2011TVCG.txt,56.65430518268204,94.07958246921858,38.981875910337095,33.441128880284545
Dou2011VAST.txt,61.14575616219193,76.15078808540832,41.00688317250293,18.779683150442395
Dou2013TVCG.txt,46.23263999783076,95.34257684171756,32.09504179938837,29.59654830265295
Gad2015TVCG.txt,71.87169072850455,58.28174350387992,23.9425049598335,26.44960228761256
Greene2014ArXiv.txt,68.39984259006995,24.641394391252327,43.740411977447,22.294187476353645
Havre2002ThemRiver_InfoVis.txt,51.71357794574312,13.536715845760284,7.070904446560133,4.339564506347537
Heimerl2015CiteRiver_TVCG.txt,61.49471926445922,24.7150312180219,23.647692686422427,12.485252199342566
Heimerl2017DocuCompass_VAST.txt,64.74506269914838,18.62585021505704,28.296292728393603,11.334698433672818
Hu2011ACL.txt,11.175063828582132,64.40298462254022,16.368560053393555,9.535947952862344
Iwata2008KDD.txt,24.543171961127186,33.52938272548985,14.67448765887025,8.711343630039803
Jiang2016JVIS.txt,40.10414722734142,93.17528705246482,22.833132429475867,26.900976136174528
Keim2002TVCG.txt,76.67376491128348,14.231367315351108,14.74725166668669,23.351400174660352
Lee2012_iVisClustering.txt,57.49694982639423,44.41948884674365,96.33303714615487,24.717858110390978
Liu2013TVCG.txt,24.26890226499391,20.48233104446644,3.1626804954463683,72.53003843566931
Liu2014VAST.txt,30.295119499294575,77.70358560432229,14.65081436173704,16.626632931036077
Metsalu2015_ClustVis.txt,24.07313970146521,1.361826352447304,19.651317294697492,70.46871063635137
Nourashrafeddin2018TiiS.txt,32.78343276415859,14.077513795431107,84.16411639414021,9.683227248721337
Oliveira2003Survey_TVCG.txt,82.9924089896113,22.6452942086272,27.13104703064043,32.226610172837056
Sherkat2018IUI.txt,45.34519246512012,24.218833143279973,100.0,23.000608375106523
Turkay2011EuroVis.txt,55.39159484590779,9.465526635086718,43.483911285389944,13.139489632595202
Wang2006KDD.txt,38.283702709538524,79.11915126358912,23.989639637736605,21.470583679001198
Wang2013KDD.txt,15.764896554771102,34.55594680196455,17.019319158322567,73.9956086225444
Wang2016TVCG.txt,38.017704545522676,83.33515433251605,21.79393052098988,22.76865297511499
Wei2010KDD.txt,42.31559310004713,76.69744317448699,34.30023509261634,22.917434151919224
Wu2014TVCG.txt,15.653720648283775,42.308448284463786,4.284111487551212,7.343653900972569
You2010ISB.txt,33.425745455826004,16.610588508163872,57.51594296528394,8.283171334984896
Zhang2010KDD.txt,22.758520170647422,38.508224050759,15.88462109708676,8.875224817640415
