24.2446806202	22.8975372486
29.1538087774	24.9121215333
-14.4309054138	-0.607045977578
-12.2796774815	-6.66061883852
-14.6702794345	-14.4746832487
-17.6175243874	-11.2939624235
-4.88736216293	-3.95753764046
20.1806802299	35.3810003101
6.59034985662	-0.69487999302
4.26406382946	-27.428826487
0.556716727975	-25.0273740491
-20.9357285196	-21.9242607754
-23.6852601281	0.04803068829
-18.6682074575	-7.59729378724
14.440201729	-2.06869028814
17.7380593238	29.0094466224
-4.11166766351	1.49178587099
5.63448268289	-15.4229928465
20.8713507515	5.02754991436
16.7546635112	21.8782965472
13.4753927213	3.01792438754
19.2317357067	25.2248103626
15.4403617077	33.5637333207
-15.0760454917	-20.490177949
-24.7581005447	-8.64538075488
2.79256668284	-13.9804476226
-8.87464523625	-11.0239864481
-28.7756972981	-16.7973545164
9.51887572238	31.6916262541
-12.1168893614	-26.0483494142
